"","Theo2.1","Theo2.2","Theo2.3","P4W1","P4W2","P4W3","P4R1","P4R2","P4R3","PL4W1","PL4W2","PL4W3","PL4R1","PL4R2","PL4R3","PLVW1","PLVW2","PLVW3","PLVR1","PLVR2","PLVR3","PVW1","PVW2","PVW3","PVR1","PVR2","PVR3","M4W1","M4W2","M4W3","M4R1","M4R2","M4R3","ML4W1","ML4W2","ML4W3","ML4R1","ML4R2","ML4R3","MLVW1","MLVW2","MLVW3","MLVR1","MLVR2","MLVR3","MVW1","MVW2","MVW3","MVR1","MVR2","MVR3"
"Theo2.1",0,0.0213032581453634,0.0218045112781955,0.126315789473684,0.123558897243108,0.12280701754386,0.169423558897243,0.193984962406015,0.217293233082707,0.125062656641604,0.131328320802005,0.155889724310777,0.115288220551378,0.178446115288221,0.130827067669173,0.212531328320802,0.246365914786967,0.191729323308271,0.18671679197995,0.220802005012531,0.195739348370927,0.16265664160401,0.119799498746867,0.129824561403509,0.188972431077694,0.1734335839599,0.143107769423559,0.194736842105263,0.190977443609023,0.21453634085213,0.2531328320802,0.288721804511278,0.312781954887218,0.215538847117794,0.187218045112782,0.192481203007519,0.203007518796992,0.195989974937343,0.179448621553885,0.319799498746867,0.344611528822055,0.31077694235589,0.287468671679198,0.312781954887218,0.305513784461153,0.301503759398496,0.164912280701754,0.225062656641604,0.217543859649123,0.164160401002506,0.206265664160401
"Theo2.2",0.0213032581453634,0,0.0145363408521303,0.142606516290727,0.138345864661654,0.131328320802005,0.174436090225564,0.200501253132832,0.222305764411028,0.135087719298246,0.147619047619048,0.166666666666667,0.12531328320802,0.183709273182957,0.139348370927318,0.214285714285714,0.24812030075188,0.193483709273183,0.188721804511278,0.228822055137845,0.198245614035088,0.178947368421053,0.129072681704261,0.137593984962406,0.195488721804511,0.179949874686717,0.159398496240602,0.20125313283208,0.207268170426065,0.230827067669173,0.258145363408521,0.295488721804511,0.319548872180451,0.231829573934837,0.203508771929825,0.208771929824561,0.209273182957393,0.202756892230576,0.195989974937343,0.32781954887218,0.352631578947368,0.318796992481203,0.284461152882206,0.320802005012531,0.313533834586466,0.30952380952381,0.178696741854637,0.233082706766917,0.219799498746867,0.171679197994987,0.214285714285714
"Theo2.3",0.0218045112781955,0.0145363408521303,0,0.142355889724311,0.136591478696742,0.127318295739348,0.172932330827068,0.202756892230576,0.220802005012531,0.132581453634085,0.147368421052632,0.161904761904762,0.12280701754386,0.176190476190476,0.133082706766917,0.211779448621554,0.245614035087719,0.190977443609023,0.184962406015038,0.228571428571429,0.197994987468672,0.178696741854637,0.120551378446115,0.131328320802005,0.197744360902256,0.182205513784461,0.159147869674185,0.203508771929825,0.207017543859649,0.230576441102757,0.256641604010025,0.29749373433584,0.315789473684211,0.231578947368421,0.203258145363409,0.208521303258145,0.211528822055138,0.198997493734336,0.189724310776942,0.327568922305764,0.352380952380952,0.318546365914787,0.279949874686717,0.320551378446115,0.31328320802005,0.309273182957393,0.17468671679198,0.232832080200501,0.220551378446115,0.168922305764411,0.214035087719298
"P4W1",0.126315789473684,0.142606516290727,0.142355889724311,0,0.037593984962406,0.0807017543859649,0.156390977443609,0.133082706766917,0.188721804511278,0.050125313283208,0.049874686716792,0.106015037593985,0.0493734335839599,0.156641604010025,0.113784461152882,0.19047619047619,0.224812030075188,0.187468671679198,0.194736842105263,0.200250626566416,0.198245614035088,0.0674185463659148,0.0598997493734336,0.0794486215538847,0.104010025062657,0.156641604010025,0.0588972431077694,0.100751879699248,0.0912280701754386,0.107017543859649,0.180952380952381,0.261152882205514,0.255889724310777,0.112280701754386,0.0969924812030075,0.108020050125313,0.156892230576441,0.153132832080201,0.109022556390977,0.297243107769424,0.313032581453634,0.28671679197995,0.324812030075188,0.307769423558897,0.283959899749373,0.275187969924812,0.128571428571429,0.194987468671679,0.278696741854637,0.183959899749373,0.225062656641604
"P4W2",0.123558897243108,0.138345864661654,0.136591478696742,0.037593984962406,0,0.0654135338345865,0.154887218045113,0.139598997493734,0.188721804511278,0.0383458646616541,0.0521303258145363,0.0924812030075188,0.0411027568922306,0.143859649122807,0.0962406015037594,0.166666666666667,0.202005012531328,0.162155388471178,0.176190476190476,0.179949874686717,0.193483709273183,0.0604010025062657,0.0456140350877193,0.0659147869674186,0.121804511278195,0.168421052631579,0.0478696741854637,0.10952380952381,0.0974937343358396,0.117042606516291,0.203007518796992,0.268170426065163,0.262155388471178,0.12280701754386,0.113533834586466,0.122305764411028,0.174185463659148,0.172431077694236,0.128822055137845,0.303759398496241,0.303007518796993,0.273684210526316,0.318045112781955,0.312280701754386,0.278696741854637,0.282205513784461,0.132330827067669,0.181954887218045,0.28671679197995,0.185213032581454,0.229573934837093
"P4W3",0.12280701754386,0.131328320802005,0.127318295739348,0.0807017543859649,0.0654135338345865,0,0.173684210526316,0.174185463659148,0.220551378446115,0.0526315789473684,0.0807017543859649,0.0518796992481203,0.0506265664160401,0.161904761904762,0.0463659147869674,0.126817042606516,0.16516290726817,0.108270676691729,0.120551378446115,0.179448621553885,0.171428571428571,0.120050125313283,0.043609022556391,0.0471177944862155,0.175187969924812,0.194486215538847,0.0847117794486216,0.170426065162907,0.15062656641604,0.171679197994987,0.217293233082707,0.28546365914787,0.291478696741855,0.182205513784461,0.144360902255639,0.157644110275689,0.212781954887218,0.210275689223058,0.158646616541353,0.30125313283208,0.306766917293233,0.280451127819549,0.286967418546366,0.295238095238095,0.271428571428571,0.279197994987469,0.140350877192982,0.189473684210526,0.280952380952381,0.194736842105263,0.21203007518797
"P4R1",0.169423558897243,0.174436090225564,0.172932330827068,0.156390977443609,0.154887218045113,0.173684210526316,0,0.112531328320802,0.101754385964912,0.160401002506266,0.145864661654135,0.220050125313283,0.152380952380952,0.0987468671679198,0.195739348370927,0.284711779448622,0.305012531328321,0.266416040100251,0.236340852130326,0.264411027568922,0.224812030075188,0.170927318295739,0.16390977443609,0.150375939849624,0.111278195488722,0.117042606516291,0.161654135338346,0.13859649122807,0.142355889724311,0.16140350877193,0.178696741854637,0.19047619047619,0.206766917293233,0.164912280701754,0.133333333333333,0.13609022556391,0.103759398496241,0.130576441102757,0.147368421052632,0.340852130325815,0.35062656641604,0.33734335839599,0.330827067669173,0.315538847117795,0.287719298245614,0.29749373433584,0.172932330827068,0.27468671679198,0.232581453634085,0.138847117794486,0.203007518796992
"P4R2",0.193984962406015,0.200501253132832,0.202756892230576,0.133082706766917,0.139598997493734,0.174185463659148,0.112531328320802,0,0.105263157894737,0.152380952380952,0.127568922305764,0.194235588972431,0.146115288220551,0.118546365914787,0.210526315789474,0.28546365914787,0.321052631578947,0.279949874686717,0.214285714285714,0.287719298245614,0.210275689223058,0.137092731829574,0.156140350877193,0.161904761904762,0.0531328320802005,0.0964912280701754,0.128571428571429,0.128070175438597,0.131328320802005,0.149624060150376,0.151127819548872,0.146115288220551,0.157393483709273,0.153634085213033,0.151378446115288,0.146616541353383,0.148621553884712,0.155388471177945,0.141102756892231,0.353634085213033,0.381203007518797,0.341353383458647,0.358395989974937,0.359398496240601,0.281453634085213,0.332080200501253,0.189724310776942,0.28671679197995,0.257142857142857,0.143107769423559,0.202255639097744
"P4R3",0.217293233082707,0.222305764411028,0.220802005012531,0.188721804511278,0.188721804511278,0.220551378446115,0.101754385964912,0.105263157894737,0,0.215789473684211,0.199749373433584,0.249122807017544,0.207518796992481,0.141604010025063,0.21453634085213,0.283709273182957,0.303007518796993,0.282456140350877,0.205764411027569,0.267669172932331,0.188721804511278,0.210526315789474,0.19874686716792,0.180952380952381,0.124812030075188,0.093734335839599,0.204511278195489,0.179949874686717,0.200501253132832,0.213032581453634,0.166416040100251,0.170426065162907,0.18671679197995,0.209774436090226,0.204761904761905,0.21453634085213,0.173684210526316,0.198245614035088,0.208771929824561,0.333333333333333,0.339598997493734,0.325814536340852,0.327067669172932,0.324812030075188,0.246616541353383,0.281704260651629,0.156641604010025,0.264160401002506,0.214786967418546,0.107268170426065,0.170175438596491
"PL4W1",0.125062656641604,0.135087719298246,0.132581453634085,0.050125313283208,0.0383458646616541,0.0526315789473684,0.160401002506266,0.152380952380952,0.215789473684211,0,0.0350877192982456,0.0857142857142857,0.0213032581453634,0.149122807017544,0.0829573934837093,0.177443609022556,0.213032581453634,0.157393483709273,0.158897243107769,0.20250626566416,0.186215538847118,0.0759398496240602,0.049874686716792,0.0734335839598998,0.132581453634085,0.181203007518797,0.0551378446115288,0.127067669172932,0.107518796992481,0.12781954887218,0.209774436090226,0.260401002506266,0.254636591478697,0.138345864661654,0.101754385964912,0.106265664160401,0.1734335839599,0.167919799498747,0.110526315789474,0.324812030075188,0.330827067669173,0.304511278195489,0.303508771929825,0.311278195488722,0.295739348370927,0.302756892230576,0.153383458646617,0.212781954887218,0.291979949874687,0.18922305764411,0.230325814536341
"PL4W2",0.131328320802005,0.147619047619048,0.147368421052632,0.049874686716792,0.0521303258145363,0.0807017543859649,0.145864661654135,0.127568922305764,0.199749373433584,0.0350877192982456,0,0.108771929824561,0.0360902255639098,0.146365914786967,0.10952380952381,0.203759398496241,0.239097744360902,0.183458646616541,0.188471177944862,0.208270676691729,0.196992481203008,0.0674185463659148,0.080952380952381,0.104511278195489,0.103759398496241,0.164912280701754,0.0523809523809524,0.10952380952381,0.0889724310776942,0.10952380952381,0.20952380952381,0.234586466165414,0.231077694235589,0.120050125313283,0.081203007518797,0.0854636591478697,0.157393483709273,0.153383458646617,0.0909774436090226,0.319548872180451,0.335588972431078,0.309022556390977,0.316290726817043,0.307518796992481,0.300250626566416,0.29749373433584,0.150125313283208,0.217543859649123,0.292982456140351,0.189974937343358,0.225062656641604
"PL4W3",0.155889724310777,0.166666666666667,0.161904761904762,0.106015037593985,0.0924812030075188,0.0518796992481203,0.220050125313283,0.194235588972431,0.249122807017544,0.0857142857142857,0.108771929824561,0,0.0824561403508772,0.200250626566416,0.0538847117794486,0.0989974937343358,0.130827067669173,0.0954887218045113,0.141854636591479,0.151127819548872,0.195739348370927,0.132080200501253,0.0694235588972431,0.0731829573934837,0.195488721804511,0.213533834586466,0.0774436090225564,0.183458646616541,0.167418546365915,0.188471177944862,0.263408521303258,0.310526315789474,0.32280701754386,0.197243107769424,0.168421052631579,0.18796992481203,0.256390977443609,0.252380952380952,0.165914786967419,0.272932330827068,0.271679197994987,0.247368421052632,0.283709273182957,0.277694235588972,0.244110275689223,0.250877192982456,0.128320802005013,0.161152882205514,0.313784461152882,0.234335839598997,0.230827067669173
"PL4R1",0.115288220551378,0.12531328320802,0.12280701754386,0.0493734335839599,0.0411027568922306,0.0506265664160401,0.152380952380952,0.146115288220551,0.207518796992481,0.0213032581453634,0.0360902255639098,0.0824561403508772,0,0.147869674185464,0.0771929824561404,0.169674185463659,0.205513784461153,0.150125313283208,0.159398496240602,0.189473684210526,0.175438596491228,0.0864661654135338,0.0488721804511278,0.0736842105263158,0.137844611528822,0.174436090225564,0.0488721804511278,0.137844611528822,0.118045112781955,0.13859649122807,0.208020050125313,0.257894736842105,0.252380952380952,0.149122807017544,0.1,0.114285714285714,0.175187969924812,0.171177944862155,0.110526315789474,0.306265664160401,0.317543859649123,0.290977443609023,0.29047619047619,0.294235588972431,0.282205513784461,0.284210526315789,0.13483709273183,0.199248120300752,0.282456140350877,0.182957393483709,0.211779448621554
"PL4R2",0.178446115288221,0.183709273182957,0.176190476190476,0.156641604010025,0.143859649122807,0.161904761904762,0.0987468671679198,0.118546365914787,0.141604010025063,0.149122807017544,0.146365914786967,0.200250626566416,0.147869674185464,0,0.180701754385965,0.273934837092732,0.308771929824561,0.253383458646617,0.2,0.269924812030075,0.218546365914787,0.17218045112782,0.159147869674185,0.152380952380952,0.125563909774436,0.103007518796992,0.153884711779449,0.167919799498747,0.169924812030075,0.178696741854637,0.184711779448622,0.184461152882206,0.198496240601504,0.190977443609023,0.14937343358396,0.160401002506266,0.149122807017544,0.140350877192982,0.17593984962406,0.370676691729323,0.381203007518797,0.341102756892231,0.337844611528822,0.349122807017544,0.298245614035088,0.356641604010025,0.207268170426065,0.27218045112782,0.270676691729323,0.166666666666667,0.233082706766917
"PL4R3",0.130827067669173,0.139348370927318,0.133082706766917,0.113784461152882,0.0962406015037594,0.0463659147869674,0.195739348370927,0.210526315789474,0.21453634085213,0.0829573934837093,0.10952380952381,0.0538847117794486,0.0771929824561404,0.180701754385965,0,0.0959899749373434,0.133834586466165,0.0784461152882206,0.116290726817043,0.147117794486216,0.168922305764411,0.14937343358396,0.0786967418546366,0.0641604010025063,0.210025062656642,0.200751879699248,0.0917293233082707,0.200250626566416,0.181453634085213,0.20250626566416,0.253634085213033,0.310526315789474,0.32280701754386,0.211528822055138,0.170426065162907,0.18796992481203,0.244110275689223,0.241604010025063,0.165914786967419,0.272431077694236,0.274436090225564,0.247869674185464,0.257142857142857,0.263157894736842,0.243107769423559,0.250375939849624,0.110526315789474,0.159147869674185,0.274436090225564,0.185714285714286,0.201754385964912
"PLVW1",0.212531328320802,0.214285714285714,0.211779448621554,0.19047619047619,0.166666666666667,0.126817042606516,0.284711779448622,0.28546365914787,0.283709273182957,0.177443609022556,0.203759398496241,0.0989974937343358,0.169674185463659,0.273934837092732,0.0959899749373434,0,0.07468671679198,0.0343358395989975,0.136842105263158,0.0942355889724311,0.180701754385965,0.212280701754386,0.135839598997494,0.13734335839599,0.28546365914787,0.278696741854637,0.170676691729323,0.274185463659148,0.261904761904762,0.283709273182957,0.33859649122807,0.404511278195489,0.416791979949875,0.28796992481203,0.263157894736842,0.282456140350877,0.338095238095238,0.33609022556391,0.259899749373434,0.219298245614035,0.217543859649123,0.185964912280702,0.270426065162907,0.227318295739348,0.193734335839599,0.197744360902256,0.13483709273183,0.0942355889724311,0.312531328320802,0.256641604010025,0.216791979949875
"PLVW2",0.246365914786967,0.24812030075188,0.245614035087719,0.224812030075188,0.202005012531328,0.16516290726817,0.305012531328321,0.321052631578947,0.303007518796993,0.213032581453634,0.239097744360902,0.130827067669173,0.205513784461153,0.308771929824561,0.133834586466165,0.07468671679198,0,0.0711779448621554,0.162406015037594,0.0604010025062657,0.184962406015038,0.256390977443609,0.170426065162907,0.163659147869674,0.319298245614035,0.315538847117795,0.207268170426065,0.307518796992481,0.295989974937343,0.317042606516291,0.3734335839599,0.439348370927318,0.451629072681704,0.321052631578947,0.297744360902256,0.316791979949875,0.373182957393484,0.371428571428571,0.294987468671679,0.153634085213033,0.144360902255639,0.134586466165414,0.238847117794486,0.155388471177945,0.159147869674185,0.133333333333333,0.16015037593985,0.0902255639097744,0.304260651629073,0.27719298245614,0.217794486215539
"PLVW3",0.191729323308271,0.193483709273183,0.190977443609023,0.187468671679198,0.162155388471178,0.108270676691729,0.266416040100251,0.279949874686717,0.282456140350877,0.157393483709273,0.183458646616541,0.0954887218045113,0.150125313283208,0.253383458646617,0.0784461152882206,0.0343358395989975,0.0711779448621554,0,0.123057644110276,0.0834586466165414,0.172431077694236,0.213784461152882,0.132581453634085,0.13483709273183,0.282205513784461,0.274185463659148,0.164912280701754,0.270426065162907,0.254636591478697,0.275438596491228,0.318045112781955,0.383959899749373,0.396240601503759,0.284210526315789,0.243609022556391,0.261654135338346,0.317543859649123,0.315037593984962,0.239348370927318,0.215037593984962,0.214285714285714,0.181954887218045,0.261152882205514,0.207017543859649,0.193483709273183,0.192982456140351,0.132832080200501,0.0947368421052632,0.304260651629073,0.238345864661654,0.208270676691729
"PLVR1",0.18671679197995,0.188721804511278,0.184962406015038,0.194736842105263,0.176190476190476,0.120551378446115,0.236340852130326,0.214285714285714,0.205764411027569,0.158897243107769,0.188471177944862,0.141854636591479,0.159398496240602,0.2,0.116290726817043,0.136842105263158,0.162406015037594,0.123057644110276,0,0.171177944862155,0.075187969924812,0.232330827067669,0.140350877192982,0.133834586466165,0.242606516290727,0.221303258145363,0.191478696741855,0.280952380952381,0.259398496240602,0.280451127819549,0.233082706766917,0.282706766917293,0.294235588972431,0.291478696741855,0.254135338345865,0.258897243107769,0.298997493734336,0.285213032581454,0.242606516290727,0.287719298245614,0.294736842105263,0.271679197994987,0.215538847117794,0.262907268170426,0.199498746867168,0.271177944862155,0.196741854636591,0.189974937343358,0.222556390977444,0.144110275689223,0.119298245614035
"PLVR2",0.220802005012531,0.228822055137845,0.228571428571429,0.200250626566416,0.179949874686717,0.179448621553885,0.264411027568922,0.287719298245614,0.267669172932331,0.20250626566416,0.208270676691729,0.151127819548872,0.189473684210526,0.269924812030075,0.147117794486216,0.0942355889724311,0.0604010025062657,0.0834586466165414,0.171177944862155,0,0.161904761904762,0.229824561403509,0.168170426065163,0.170676691729323,0.287468671679198,0.278446115288221,0.173684210526316,0.282706766917293,0.267669172932331,0.288220551378446,0.33483709273183,0.399498746867168,0.411779448621554,0.297243107769424,0.266416040100251,0.283208020050125,0.334335839598997,0.331077694235589,0.257393483709273,0.151127819548872,0.140100250626566,0.132080200501253,0.249874686716792,0.142355889724311,0.154135338345865,0.121303258145363,0.136591478696742,0.0639097744360902,0.279699248120301,0.234586466165414,0.183709273182957
"PLVR3",0.195739348370927,0.198245614035088,0.197994987468672,0.198245614035088,0.193483709273183,0.171428571428571,0.224812030075188,0.210275689223058,0.188721804511278,0.186215538847118,0.196992481203008,0.195739348370927,0.175438596491228,0.218546365914787,0.168922305764411,0.180701754385965,0.184962406015038,0.172431077694236,0.075187969924812,0.161904761904762,0,0.247619047619048,0.163408521303258,0.170175438596491,0.245864661654135,0.213032581453634,0.210526315789474,0.29749373433584,0.277443609022556,0.298496240601504,0.222055137844612,0.267167919799499,0.288972431077694,0.308771929824561,0.266666666666667,0.270175438596491,0.300751879699248,0.288972431077694,0.255889724310777,0.276441102756892,0.283458646616541,0.269674185463659,0.19749373433584,0.239348370927318,0.182957393483709,0.245363408521303,0.208020050125313,0.200751879699248,0.205764411027569,0.132581453634085,0.0932330827067669
"PVW1",0.16265664160401,0.178947368421053,0.178696741854637,0.0674185463659148,0.0604010025062657,0.120050125313283,0.170927318295739,0.137092731829574,0.210526315789474,0.0759398496240602,0.0674185463659148,0.132080200501253,0.0864661654135338,0.17218045112782,0.14937343358396,0.212280701754386,0.256390977443609,0.213784461152882,0.232330827067669,0.229824561403509,0.247619047619048,0,0.0969924812030075,0.123057644110276,0.1,0.188220551378446,0.0644110275689223,0.0739348370927318,0.081203007518797,0.114285714285714,0.238095238095238,0.270426065162907,0.264912280701754,0.0894736842105263,0.11077694235589,0.105764411027569,0.191979949874687,0.192230576441103,0.120802005012531,0.312280701754386,0.311027568922306,0.279197994987469,0.374185463659148,0.348621553884712,0.315037593984962,0.302756892230576,0.153884711779449,0.18671679197995,0.326065162907268,0.223057644110276,0.265914786967419
"PVW2",0.119799498746867,0.129072681704261,0.120551378446115,0.0598997493734336,0.0456140350877193,0.043609022556391,0.16390977443609,0.156140350877193,0.19874686716792,0.049874686716792,0.080952380952381,0.0694235588972431,0.0488721804511278,0.159147869674185,0.0786967418546366,0.135839598997494,0.170426065162907,0.132581453634085,0.140350877192982,0.168170426065163,0.163408521303258,0.0969924812030075,0,0.0511278195488722,0.15187969924812,0.184461152882206,0.0711779448621554,0.14812030075188,0.133333333333333,0.153634085213033,0.214035087719298,0.28671679197995,0.288721804511278,0.159649122807018,0.141604010025063,0.150125313283208,0.205012531328321,0.202756892230576,0.156641604010025,0.282205513784461,0.29047619047619,0.263659147869674,0.284461152882206,0.291979949874687,0.26015037593985,0.26015037593985,0.125062656641604,0.17218045112782,0.282706766917293,0.195739348370927,0.209273182957393
"PVW3",0.129824561403509,0.137593984962406,0.131328320802005,0.0794486215538847,0.0659147869674186,0.0471177944862155,0.150375939849624,0.161904761904762,0.180952380952381,0.0734335839598998,0.104511278195489,0.0731829573934837,0.0736842105263158,0.152380952380952,0.0641604010025063,0.13734335839599,0.163659147869674,0.13483709273183,0.133834586466165,0.170676691729323,0.170175438596491,0.123057644110276,0.0511278195488722,0,0.163157894736842,0.176942355889724,0.0917293233082707,0.156390977443609,0.153634085213033,0.167167919799499,0.223809523809524,0.281704260651629,0.291729323308271,0.176190476190476,0.168421052631579,0.17719298245614,0.213032581453634,0.210526315789474,0.182706766917293,0.296240601503759,0.297994987468672,0.280701754385965,0.291979949874687,0.299498746867168,0.265914786967419,0.272431077694236,0.133082706766917,0.182706766917293,0.258897243107769,0.171929824561404,0.217042606516291
"PVR1",0.188972431077694,0.195488721804511,0.197744360902256,0.104010025062657,0.121804511278195,0.175187969924812,0.111278195488722,0.0531328320802005,0.124812030075188,0.132581453634085,0.103759398496241,0.195488721804511,0.137844611528822,0.125563909774436,0.210025062656642,0.28546365914787,0.319298245614035,0.282205513784461,0.242606516290727,0.287468671679198,0.245864661654135,0.1,0.15187969924812,0.163157894736842,0,0.11453634085213,0.120551378446115,0.0904761904761905,0.103258145363409,0.12531328320802,0.162406015037594,0.180451127819549,0.182706766917293,0.114035087719298,0.1265664160401,0.118546365914787,0.12280701754386,0.139097744360902,0.119548872180451,0.343609022556391,0.368421052631579,0.336842105263158,0.373684210526316,0.362155388471178,0.306265664160401,0.3265664160401,0.183959899749373,0.27468671679198,0.282957393483709,0.178947368421053,0.235588972431078
"PVR2",0.1734335839599,0.179949874686717,0.182205513784461,0.156641604010025,0.168421052631579,0.194486215538847,0.117042606516291,0.0964912280701754,0.093734335839599,0.181203007518797,0.164912280701754,0.213533834586466,0.174436090225564,0.103007518796992,0.200751879699248,0.278696741854637,0.315538847117795,0.274185463659148,0.221303258145363,0.278446115288221,0.213032581453634,0.188220551378446,0.184461152882206,0.176942355889724,0.11453634085213,0,0.169924812030075,0.180701754385965,0.18546365914787,0.194486215538847,0.18922305764411,0.178446115288221,0.197243107769424,0.205513784461153,0.178195488721805,0.18796992481203,0.137593984962406,0.154887218045113,0.202756892230576,0.36015037593985,0.383208020050125,0.352130325814536,0.34937343358396,0.359649122807018,0.297744360902256,0.342857142857143,0.201002506265664,0.280200501253133,0.255889724310777,0.143358395989975,0.19874686716792
"PVR3",0.143107769423559,0.159398496240602,0.159147869674185,0.0588972431077694,0.0478696741854637,0.0847117794486216,0.161654135338346,0.128571428571429,0.204511278195489,0.0551378446115288,0.0523809523809524,0.0774436090225564,0.0488721804511278,0.153884711779449,0.0917293233082707,0.170676691729323,0.207268170426065,0.164912280701754,0.191478696741855,0.173684210526316,0.210526315789474,0.0644110275689223,0.0711779448621554,0.0917293233082707,0.120551378446115,0.169924812030075,0,0.11453634085213,0.0957393483709273,0.122055137844612,0.227067669172932,0.259899749373434,0.256892230576441,0.126315789473684,0.103508771929825,0.115538847117794,0.186967418546366,0.187719298245614,0.0944862155388471,0.293984962406015,0.295739348370927,0.268421052631579,0.311278195488722,0.296741854636591,0.262907268170426,0.273934837092732,0.124812030075188,0.178195488721805,0.30125313283208,0.198245614035088,0.228571428571429
"M4W1",0.194736842105263,0.20125313283208,0.203508771929825,0.100751879699248,0.10952380952381,0.170426065162907,0.13859649122807,0.128070175438597,0.179949874686717,0.127067669172932,0.10952380952381,0.183458646616541,0.137844611528822,0.167919799498747,0.200250626566416,0.274185463659148,0.307518796992481,0.270426065162907,0.280952380952381,0.282706766917293,0.29749373433584,0.0739348370927318,0.14812030075188,0.156390977443609,0.0904761904761905,0.180701754385965,0.11453634085213,0,0.0421052631578947,0.0681704260651629,0.195989974937343,0.23859649122807,0.234586466165414,0.0426065162907268,0.0944862155388471,0.0681704260651629,0.118295739348371,0.121303258145363,0.105263157894737,0.341353383458647,0.344611528822055,0.312531328320802,0.420551378446115,0.379949874686717,0.33859649122807,0.318045112781955,0.166165413533835,0.250125313283208,0.316541353383459,0.220802005012531,0.292481203007519
"M4W2",0.190977443609023,0.207268170426065,0.207017543859649,0.0912280701754386,0.0974937343358396,0.15062656641604,0.142355889724311,0.131328320802005,0.200501253132832,0.107518796992481,0.0889724310776942,0.167418546365915,0.118045112781955,0.169924812030075,0.181453634085213,0.261904761904762,0.295989974937343,0.254636591478697,0.259398496240602,0.267669172932331,0.277443609022556,0.081203007518797,0.133333333333333,0.153634085213033,0.103258145363409,0.18546365914787,0.0957393483709273,0.0421052631578947,0,0.0348370927318296,0.203007518796992,0.233082706766917,0.229072681704261,0.0338345864661654,0.0701754385964912,0.0288220551378446,0.119799498746867,0.124812030075188,0.0849624060150376,0.347117794486216,0.355137844611529,0.320802005012531,0.398997493734336,0.358145363408521,0.317042606516291,0.316290726817043,0.163408521303258,0.258646616541353,0.314035087719298,0.212280701754386,0.271679197994987
"M4W3",0.21453634085213,0.230827067669173,0.230576441102757,0.107017543859649,0.117042606516291,0.171679197994987,0.16140350877193,0.149624060150376,0.213032581453634,0.12781954887218,0.10952380952381,0.188471177944862,0.13859649122807,0.178696741854637,0.20250626566416,0.283709273182957,0.317042606516291,0.275438596491228,0.280451127819549,0.288220551378446,0.298496240601504,0.114285714285714,0.153634085213033,0.167167919799499,0.12531328320802,0.194486215538847,0.122055137844612,0.0681704260651629,0.0348370927318296,0,0.206766917293233,0.231578947368421,0.229323308270677,0.0350877192982456,0.0864661654135338,0.0468671679197995,0.106265664160401,0.125062656641604,0.11077694235589,0.366666666666667,0.376691729323308,0.341353383458647,0.418546365914787,0.378696741854637,0.336591478696742,0.33734335839599,0.182456140350877,0.279949874686717,0.317293233082707,0.219298245614035,0.292481203007519
"M4R1",0.2531328320802,0.258145363408521,0.256641604010025,0.180952380952381,0.203007518796992,0.217293233082707,0.178696741854637,0.151127819548872,0.166416040100251,0.209774436090226,0.20952380952381,0.263408521303258,0.208020050125313,0.184711779448622,0.253634085213033,0.33859649122807,0.3734335839599,0.318045112781955,0.233082706766917,0.33483709273183,0.222055137844612,0.238095238095238,0.214035087719298,0.223809523809524,0.162406015037594,0.18922305764411,0.227067669172932,0.195989974937343,0.203007518796992,0.206766917293233,0,0.132080200501253,0.12531328320802,0.216791979949875,0.18546365914787,0.20250626566416,0.142105263157895,0.171929824561404,0.188972431077694,0.407268170426065,0.429573934837093,0.387218045112782,0.396741854636591,0.393233082706767,0.32280701754386,0.381203007518797,0.236340852130326,0.334586466165414,0.259398496240602,0.180701754385965,0.223308270676692
"M4R2",0.288721804511278,0.295488721804511,0.29749373433584,0.261152882205514,0.268170426065163,0.28546365914787,0.19047619047619,0.146115288220551,0.170426065162907,0.260401002506266,0.234586466165414,0.310526315789474,0.257894736842105,0.184461152882206,0.310526315789474,0.404511278195489,0.439348370927318,0.383959899749373,0.282706766917293,0.399498746867168,0.267167919799499,0.270426065162907,0.28671679197995,0.281704260651629,0.180451127819549,0.178446115288221,0.259899749373434,0.23859649122807,0.233082706766917,0.231578947368421,0.132080200501253,0,0.0644110275689223,0.23483709273183,0.22406015037594,0.224310776942356,0.195989974937343,0.217794486215539,0.23609022556391,0.466165413533835,0.495488721804511,0.450877192982456,0.441102756892231,0.452130325814536,0.384210526315789,0.441854636591479,0.292731829573935,0.400250626566416,0.304511278195489,0.202756892230576,0.271428571428571
"M4R3",0.312781954887218,0.319548872180451,0.315789473684211,0.255889724310777,0.262155388471178,0.291478696741855,0.206766917293233,0.157393483709273,0.18671679197995,0.254636591478697,0.231077694235589,0.32280701754386,0.252380952380952,0.198496240601504,0.32280701754386,0.416791979949875,0.451629072681704,0.396240601503759,0.294235588972431,0.411779448621554,0.288972431077694,0.264912280701754,0.288721804511278,0.291729323308271,0.182706766917293,0.197243107769424,0.256892230576441,0.234586466165414,0.229072681704261,0.229323308270677,0.12531328320802,0.0644110275689223,0,0.23984962406015,0.220802005012531,0.220551378446115,0.199749373433584,0.213032581453634,0.228571428571429,0.486215538847118,0.507769423558897,0.464411027568922,0.454636591478697,0.468922305764411,0.398496240601504,0.461152882205514,0.308521303258145,0.412781954887218,0.325062656641604,0.218295739348371,0.293734335839599
"ML4W1",0.215538847117794,0.231829573934837,0.231578947368421,0.112280701754386,0.12280701754386,0.182205513784461,0.164912280701754,0.153634085213033,0.209774436090226,0.138345864661654,0.120050125313283,0.197243107769424,0.149122807017544,0.190977443609023,0.211528822055138,0.28796992481203,0.321052631578947,0.284210526315789,0.291478696741855,0.297243107769424,0.308771929824561,0.0894736842105263,0.159649122807018,0.176190476190476,0.114035087719298,0.205513784461153,0.126315789473684,0.0426065162907268,0.0338345864661654,0.0350877192982456,0.216791979949875,0.23483709273183,0.23984962406015,0,0.0879699248120301,0.050125313283208,0.123558897243108,0.13609022556391,0.111278195488722,0.355639097744361,0.362406015037594,0.329323308270677,0.430827067669173,0.389974937343358,0.348621553884712,0.328571428571429,0.17468671679198,0.266165413533835,0.328320802005013,0.229323308270677,0.302756892230576
"ML4W2",0.187218045112782,0.203508771929825,0.203258145363409,0.0969924812030075,0.113533834586466,0.144360902255639,0.133333333333333,0.151378446115288,0.204761904761905,0.101754385964912,0.081203007518797,0.168421052631579,0.1,0.14937343358396,0.170426065162907,0.263157894736842,0.297744360902256,0.243609022556391,0.254135338345865,0.266416040100251,0.266666666666667,0.11077694235589,0.141604010025063,0.168421052631579,0.1265664160401,0.178195488721805,0.103508771929825,0.0944862155388471,0.0701754385964912,0.0864661654135338,0.18546365914787,0.22406015037594,0.220802005012531,0.0879699248120301,0,0.0558897243107769,0.112531328320802,0.1,0.0781954887218045,0.339598997493734,0.356892230576441,0.323558897243108,0.378947368421053,0.339097744360902,0.315789473684211,0.308270676691729,0.153634085213033,0.261654135338346,0.283709273182957,0.198245614035088,0.250877192982456
"ML4W3",0.192481203007519,0.208771929824561,0.208521303258145,0.108020050125313,0.122305764411028,0.157644110275689,0.13609022556391,0.146616541353383,0.21453634085213,0.106265664160401,0.0854636591478697,0.18796992481203,0.114285714285714,0.160401002506266,0.18796992481203,0.282456140350877,0.316791979949875,0.261654135338346,0.258897243107769,0.283208020050125,0.270175438596491,0.105764411027569,0.150125313283208,0.17719298245614,0.118546365914787,0.18796992481203,0.115538847117794,0.0681704260651629,0.0288220551378446,0.0468671679197995,0.20250626566416,0.224310776942356,0.220551378446115,0.050125313283208,0.0558897243107769,0,0.108521303258145,0.106015037593985,0.07468671679198,0.359899749373434,0.375689223057644,0.342355889724311,0.391979949874687,0.35187969924812,0.332581453634085,0.329824561403509,0.175689223057644,0.280451127819549,0.308270676691729,0.205263157894737,0.265914786967419
"ML4R1",0.203007518796992,0.209273182957393,0.211528822055138,0.156892230576441,0.174185463659148,0.212781954887218,0.103759398496241,0.148621553884712,0.173684210526316,0.1734335839599,0.157393483709273,0.256390977443609,0.175187969924812,0.149122807017544,0.244110275689223,0.338095238095238,0.373182957393484,0.317543859649123,0.298997493734336,0.334335839598997,0.300751879699248,0.191979949874687,0.205012531328321,0.213032581453634,0.12280701754386,0.137593984962406,0.186967418546366,0.118295739348371,0.119799498746867,0.106265664160401,0.142105263157895,0.195989974937343,0.199749373433584,0.123558897243108,0.112531328320802,0.108521303258145,0,0.0666666666666667,0.129573934837093,0.402255639097744,0.429573934837093,0.394235588972431,0.409774436090226,0.394987468671679,0.370927318295739,0.374937343358396,0.227318295739348,0.336591478696742,0.268421052631579,0.19047619047619,0.269924812030075
"ML4R2",0.195989974937343,0.202756892230576,0.198997493734336,0.153132832080201,0.172431077694236,0.210275689223058,0.130576441102757,0.155388471177945,0.198245614035088,0.167919799498747,0.153383458646617,0.252380952380952,0.171177944862155,0.140350877192982,0.241604010025063,0.33609022556391,0.371428571428571,0.315037593984962,0.285213032581454,0.331077694235589,0.288972431077694,0.192230576441103,0.202756892230576,0.210526315789474,0.139097744360902,0.154887218045113,0.187719298245614,0.121303258145363,0.124812030075188,0.125062656641604,0.171929824561404,0.217794486215539,0.213032581453634,0.13609022556391,0.1,0.106015037593985,0.0666666666666667,0,0.104511278195489,0.400501253132832,0.428571428571429,0.390726817042607,0.373182957393484,0.38922305764411,0.36140350877193,0.373182957393484,0.22531328320802,0.334085213032581,0.252631578947368,0.169423558897243,0.260651629072682
"ML4R3",0.179448621553885,0.195989974937343,0.189724310776942,0.109022556390977,0.128822055137845,0.158646616541353,0.147368421052632,0.141102756892231,0.208771929824561,0.110526315789474,0.0909774436090226,0.165914786967419,0.110526315789474,0.17593984962406,0.165914786967419,0.259899749373434,0.294987468671679,0.239348370927318,0.242606516290727,0.257393483709273,0.255889724310777,0.120802005012531,0.156641604010025,0.182706766917293,0.119548872180451,0.202756892230576,0.0944862155388471,0.105263157894737,0.0849624060150376,0.11077694235589,0.188972431077694,0.23609022556391,0.228571428571429,0.111278195488722,0.0781954887218045,0.07468671679198,0.129573934837093,0.104511278195489,0,0.324310776942356,0.351629072681704,0.315288220551378,0.321052631578947,0.317042606516291,0.298245614035088,0.296992481203008,0.14937343358396,0.258145363408521,0.278947368421053,0.172431077694236,0.234085213032581
"MLVW1",0.319799498746867,0.32781954887218,0.327568922305764,0.297243107769424,0.303759398496241,0.30125313283208,0.340852130325815,0.353634085213033,0.333333333333333,0.324812030075188,0.319548872180451,0.272932330827068,0.306265664160401,0.370676691729323,0.272431077694236,0.219298245614035,0.153634085213033,0.215037593984962,0.287719298245614,0.151127819548872,0.276441102756892,0.312280701754386,0.282205513784461,0.296240601503759,0.343609022556391,0.36015037593985,0.293984962406015,0.341353383458647,0.347117794486216,0.366666666666667,0.407268170426065,0.466165413533835,0.486215538847118,0.355639097744361,0.339598997493734,0.359899749373434,0.402255639097744,0.400501253132832,0.324310776942356,0,0.0380952380952381,0.1265664160401,0.279699248120301,0.0596491228070175,0.180451127819549,0.0759398496240602,0.18796992481203,0.146365914786967,0.333333333333333,0.314285714285714,0.256641604010025
"MLVW2",0.344611528822055,0.352631578947368,0.352380952380952,0.313032581453634,0.303007518796993,0.306766917293233,0.35062656641604,0.381203007518797,0.339598997493734,0.330827067669173,0.335588972431078,0.271679197994987,0.317543859649123,0.381203007518797,0.274436090225564,0.217543859649123,0.144360902255639,0.214285714285714,0.294736842105263,0.140100250626566,0.283458646616541,0.311027568922306,0.29047619047619,0.297994987468672,0.368421052631579,0.383208020050125,0.295739348370927,0.344611528822055,0.355137844611529,0.376691729323308,0.429573934837093,0.495488721804511,0.507769423558897,0.362406015037594,0.356892230576441,0.375689223057644,0.429573934837093,0.428571428571429,0.351629072681704,0.0380952380952381,0,0.127568922305764,0.285964912280702,0.0636591478696742,0.175438596491228,0.0796992481203008,0.206265664160401,0.139097744360902,0.343107769423559,0.325062656641604,0.262155388471178
"MLVW3",0.31077694235589,0.318796992481203,0.318546365914787,0.28671679197995,0.273684210526316,0.280451127819549,0.33734335839599,0.341353383458647,0.325814536340852,0.304511278195489,0.309022556390977,0.247368421052632,0.290977443609023,0.341102756892231,0.247869674185464,0.185964912280702,0.134586466165414,0.181954887218045,0.271679197994987,0.132080200501253,0.269674185463659,0.279197994987469,0.263659147869674,0.280701754385965,0.336842105263158,0.352130325814536,0.268421052631579,0.312531328320802,0.320802005012531,0.341353383458647,0.387218045112782,0.450877192982456,0.464411027568922,0.329323308270677,0.323558897243108,0.342355889724311,0.394235588972431,0.390726817042607,0.315288220551378,0.1265664160401,0.127568922305764,0,0.297744360902256,0.169423558897243,0.171177944862155,0.152130325814536,0.180200501253133,0.108270676691729,0.32781954887218,0.307769423558897,0.25187969924812
"MLVR1",0.287468671679198,0.284461152882206,0.279949874686717,0.324812030075188,0.318045112781955,0.286967418546366,0.330827067669173,0.358395989974937,0.327067669172932,0.303508771929825,0.316290726817043,0.283709273182957,0.29047619047619,0.337844611528822,0.257142857142857,0.270426065162907,0.238847117794486,0.261152882205514,0.215538847117794,0.249874686716792,0.19749373433584,0.374185463659148,0.284461152882206,0.291979949874687,0.373684210526316,0.34937343358396,0.311278195488722,0.420551378446115,0.398997493734336,0.418546365914787,0.396741854636591,0.441102756892231,0.454636591478697,0.430827067669173,0.378947368421053,0.391979949874687,0.409774436090226,0.373182957393484,0.321052631578947,0.279699248120301,0.285964912280702,0.297744360902256,0,0.234335839598997,0.156641604010025,0.265664160401002,0.298997493734336,0.283709273182957,0.186215538847118,0.262907268170426,0.196992481203008
