"","Theo2.1","Theo2.2","Theo2.3","M4R1","M4R2","M4R3","M4W1","M4W2","M4W3","ML4R1","ML4R2","ML4R3","ML4W1","ML4W2","ML4W3","MLVR1","MLVR2","MLVR3","MLVW1","MLVW2","MLVW3","MVR1","MVR2","MVR3","MVW1","MVW2","MVW3","P4R1","P4R2","P4R3","P4W1","P4W2","P4W3","PL4R1","PL4R2","PL4R3","PL4W1","PL4W2","PL4W3","PLVR1","PLVR2","PLVR3","PLVW1","PLVW2","PLVW3","PVR1","PVR2","PVR3","PVW1","PVW2","PVW3"
"Theo2.1",0,0.00972009411122263,0.00832885527757135,0.138964240721743,0.164327161502149,0.176067644042736,0.106345254492584,0.0999260548362086,0.115473024464478,0.132990441420212,0.111738972086811,0.0803593775347666,0.116356560290997,0.0925970254760049,0.103945164329882,0.227468093258044,0.229883916039922,0.208512422196075,0.205649788581663,0.223827472841308,0.152243332228888,0.138154916490755,0.0881490670894416,0.137076338019679,0.183279652873215,0.0620012455662905,0.129741681714408,0.0898615262024795,0.100706022018972,0.0994528907915581,0.0498445830370277,0.045693323248187,0.0645465482430212,0.0530120941203661,0.0835391217413308,0.078501092510147,0.0560185301729738,0.0545981834190253,0.0828435451277034,0.138974443756193,0.158031824512318,0.14399286138619,0.14659960163094,0.178164460829863,0.139303458083183,0.106591292555675,0.0887767943766191,0.056927747515828,0.0668164473122912,0.0519247709098826,0.0576675349383622
"Theo2.2",0.00972009411122263,0,0.00700158959553463,0.144025685853857,0.170019886894331,0.181735844153548,0.112040914311379,0.108453201870266,0.12392999459835,0.138515247883059,0.117401793293323,0.0889391217202678,0.124853220638098,0.101161191668712,0.112445430931158,0.224052676576146,0.232351077421736,0.210920613920059,0.20795678824791,0.226297977758057,0.154381379350143,0.137775229193945,0.0913724740699158,0.138549120035505,0.185666588191052,0.0680831724431258,0.132042899818922,0.0949830169077536,0.106425441148422,0.104616666769402,0.0593795972762211,0.0528490176093969,0.069820957793777,0.0594544348362635,0.0886687498255998,0.0834749403949927,0.0624454150114871,0.0640986270974551,0.0884433008233635,0.139762689774498,0.160373518669193,0.144909954697254,0.147390911290464,0.179000315601957,0.140083908671129,0.112285673339789,0.094523901098903,0.064830366477631,0.0761422658989854,0.0577412037444167,0.0630355515909297
"Theo2.3",0.00832885527757135,0.00700158959553463,0,0.14270837639277,0.170227762529721,0.181430914628747,0.112285493297922,0.107970070075176,0.123448825451857,0.138750817331274,0.117105721620014,0.0879111432446693,0.124369670773779,0.100676925554977,0.111963299797709,0.22335473165298,0.229335142539547,0.207952209895077,0.205046697437626,0.223270867747117,0.151597541938503,0.13612213752756,0.088633334130137,0.136784516301326,0.182695027955943,0.062292304028805,0.129115737556567,0.0936462760852372,0.106672358771809,0.103269636598167,0.0577738506287603,0.0479504749353825,0.0643191815763104,0.0546609328689866,0.0867859758753952,0.0771001297768684,0.0576651735872706,0.0623730334644946,0.0837491401690869,0.136230979992821,0.15742877551849,0.141954838236823,0.143894307282093,0.17545607494597,0.136601323900422,0.112530140242448,0.0947748298186819,0.0607010524216857,0.0749957868892804,0.0512886003206376,0.0565576067305158
"M4R1",0.138964240721743,0.144025685853857,0.14270837639277,0,0.0548454861101643,0.0578773209331999,0.110938752114265,0.116527511771755,0.124625821995734,0.0945725622148492,0.0896284755284037,0.0964841544873005,0.124133822964056,0.105757221542218,0.117134105541909,0.298982696437777,0.315724333555797,0.248072754498021,0.301639580099449,0.320078470220625,0.248365157286032,0.17414059192131,0.106516109951448,0.16217425782997,0.279537235398397,0.156453134799008,0.23268800145113,0.0788324504134285,0.0665888476538035,0.0717206751668106,0.100228094617236,0.115029943880529,0.154067388984753,0.128554379673885,0.07214290018284,0.18242093374511,0.124238252843001,0.113324778249811,0.179268510104449,0.17616997334379,0.255684171406153,0.166715232157851,0.253203129666046,0.285404922214352,0.246235267983219,0.0776896073244818,0.0795174818174965,0.127104936886533,0.113748886297532,0.138047282788095,0.145277000268811
"M4R2",0.164327161502149,0.170019886894331,0.170227762529721,0.0548454861101643,0,0.0280021799369365,0.150542943653135,0.15105216965997,0.15652381443554,0.139287229014982,0.133359045447993,0.135184988360235,0.153577781755329,0.145193713094703,0.149353203363054,0.324577939523848,0.347558059503395,0.27725984768745,0.331780376942648,0.353136725479857,0.279561890739564,0.202190007238732,0.132837808788969,0.187266219529961,0.311038880874791,0.188810210861721,0.265507666447321,0.111967479005282,0.0843588063723363,0.0975462400934412,0.142604534811592,0.154906971622496,0.186746619069765,0.162100510559672,0.102880922154343,0.214874371204568,0.160555976049825,0.145727864299083,0.203747890796437,0.20348290010868,0.28726943789659,0.190534159733819,0.285966210957364,0.318305300571381,0.278935520652153,0.106770961306726,0.100428979169864,0.154948903879463,0.144957363033003,0.174535573731247,0.178327833565874
"M4R3",0.176067644042736,0.181735844153548,0.181430914628747,0.0578773209331999,0.0280021799369365,0,0.14367882387415,0.144164369659395,0.150371055899077,0.133788201198046,0.127664535739237,0.129314205818576,0.150272841564986,0.138472436992861,0.142350072947362,0.334419029324713,0.356820811847372,0.287093506451022,0.342503118470872,0.361383736049327,0.289176616882851,0.213460771994822,0.142714090859207,0.199455738695632,0.321214899568787,0.198178661522672,0.274136248018964,0.111553150063654,0.0882036830221917,0.107187603984478,0.143284713115383,0.156629477540169,0.193443990292235,0.164345143893976,0.106315129559825,0.223360362697896,0.161095852280109,0.144042813389366,0.212392669722943,0.212137142407854,0.295514579681933,0.201595665913658,0.294190240644633,0.326680874481722,0.287178193751908,0.102354006350047,0.106120940266404,0.158162195018495,0.140275421759365,0.179264418628601,0.186544574496564
"M4W1",0.106345254492584,0.112040914311379,0.112285493297922,0.110938752114265,0.150542943653135,0.14367882387415,0,0.019394159675805,0.0234252011059685,0.051442970628115,0.0405881491695279,0.0567367760811212,0.0190802614028189,0.0288451045670847,0.0264630933581655,0.317933471812019,0.298018825684154,0.271856263456806,0.272330452343361,0.281469413238131,0.21642811140278,0.199122269042206,0.143827117309062,0.210202838999008,0.246251742226999,0.123134199657802,0.196176676494739,0.0734343637887073,0.0794070304086157,0.117418233030766,0.0619726525994745,0.077406975429303,0.119120722361294,0.0918290342418087,0.0805828095649111,0.148021649021082,0.0843422181555044,0.0681681060126701,0.135327187761611,0.212441574654576,0.226877992716205,0.219530125335636,0.216864621870966,0.24893296736625,0.211631336623099,0.0517184126697157,0.0894992605366252,0.0833340132121781,0.0527803050350831,0.104225255386245,0.11018006337065
"M4W2",0.0999260548362086,0.108453201870266,0.107970070075176,0.116527511771755,0.15105216965997,0.144164369659395,0.019394159675805,0,0.0201258574461202,0.0641658272815403,0.0450142615386396,0.0466007203986259,0.0195942915830012,0.0213776292924202,0.00863541110368896,0.305722406534085,0.285625467206969,0.259931697609505,0.26353425435111,0.274517872272156,0.208410461916568,0.201794521466093,0.14031339798754,0.199532402233193,0.23724807008616,0.114086978499707,0.188144384142817,0.0785318778009966,0.0808881581880888,0.124381204073806,0.0540707972413074,0.0679209910393025,0.108710807894875,0.0815443013984128,0.0826601836017107,0.137765962238191,0.0740954594082432,0.0576820584967761,0.125783011721262,0.200744353919184,0.217304235156682,0.209101226277324,0.207463564037391,0.238945953227658,0.201783556119532,0.0549223126237463,0.0957261225777789,0.0732602874610065,0.0441052517321183,0.0945073190862176,0.104628580646614
"M4W3",0.115473024464478,0.12392999459835,0.123448825451857,0.124625821995734,0.15652381443554,0.150371055899077,0.0234252011059685,0.0201258574461202,0,0.0521851509965681,0.0508530340280519,0.0644314691333203,0.0129414176132939,0.0359344753175743,0.0214450975707665,0.322281808478437,0.303467388214765,0.276767096540275,0.280416656967584,0.293008949456193,0.226146131906271,0.210053080903301,0.152179456079803,0.217671596353531,0.255094694855257,0.132332725877238,0.206507582682357,0.0897604561830586,0.0935220447927584,0.135955035476321,0.0716350452720964,0.0867714659649061,0.127460463327006,0.100354780262784,0.0942556074154804,0.156695833330323,0.0929227027560901,0.0763227660017732,0.144710916274164,0.218951054414375,0.235892624913897,0.227185747521642,0.225983994985267,0.257161404159132,0.220034095331293,0.0670736663457965,0.107797721656696,0.0926786707880345,0.0635731027432943,0.112930947344721,0.121438990591508
"ML4R1",0.132990441420212,0.138515247883059,0.138750817331274,0.0945725622148492,0.139287229014982,0.133788201198046,0.051442970628115,0.0641658272815403,0.0521851509965681,0,0.0331496900509865,0.0822494799514578,0.0520889357461992,0.0636174190314116,0.0588233398798637,0.326141233175646,0.320245037404382,0.289776298534473,0.303885510981646,0.322505658631493,0.253660761528758,0.196649064196541,0.149404060659136,0.216490932875707,0.280560045096188,0.160315676216775,0.237659838431141,0.0730025609772298,0.0980918456872165,0.113173675011955,0.100799448844605,0.118174284336164,0.156368751055291,0.129521246509924,0.0923551533207014,0.1861327219508,0.12512182010477,0.110708296792678,0.180362935886026,0.230088235612003,0.258115402959432,0.232886742332567,0.256364036267995,0.288632547417905,0.249330712286761,0.0711661310865447,0.0905417429321397,0.128180627757736,0.104108879378982,0.141671235058118,0.149201819822886
"ML4R2",0.111738972086811,0.117401793293323,0.117105721620014,0.0896284755284037,0.133359045447993,0.127664535739237,0.0405881491695279,0.0450142615386396,0.0508530340280519,0.0331496900509865,0,0.0593250978260913,0.0505027320461077,0.0428419674060979,0.0402074009869251,0.296291893434051,0.299165585877663,0.262781333336371,0.28393092764091,0.303090473143418,0.233223827173538,0.170333945265254,0.122401170261342,0.190318867292056,0.260602891646213,0.140345514169913,0.21700007284944,0.0589651740880838,0.0756747057966894,0.100429615399853,0.0799798432521784,0.0976354273331535,0.135498681863583,0.10809463665812,0.0722123872692757,0.165216303501889,0.103506947881266,0.0892510156963228,0.158997263403043,0.204336466652103,0.236589612033397,0.206238744786272,0.235595709261949,0.268240026008479,0.228262117619341,0.0513478579816252,0.0750257497019401,0.107283948042962,0.0833670898801464,0.121227672335996,0.128513818967806
"ML4R3",0.0803593775347666,0.0889391217202678,0.0879111432446693,0.0964841544873005,0.135184988360235,0.129314205818576,0.0567367760811212,0.0466007203986259,0.0644314691333203,0.0822494799514578,0.0593250978260913,0,0.0638926258746662,0.0395316438336508,0.043912974484917,0.2593802173479,0.248490799693836,0.22362731506621,0.232716020269453,0.251183461451229,0.181881157731799,0.174137275483599,0.111532918910929,0.161418710378154,0.209260245693329,0.0889972165869472,0.166119346494315,0.0616009174103574,0.0673951263178749,0.102083030116785,0.0378423124084231,0.0559637006069638,0.0916781762699764,0.0611710258342064,0.0619721539987295,0.114070391530548,0.0569793792907201,0.0387401331119569,0.103731646464689,0.169600584818327,0.186317777886545,0.175382525674903,0.184069217752354,0.216537270207353,0.176951313343076,0.0588102760560936,0.0822687288983078,0.0505728052737995,0.0406837968996819,0.0789714398755818,0.0915916027034234
"ML4W1",0.116356560290997,0.124853220638098,0.124369670773779,0.124133822964056,0.153577781755329,0.150272841564986,0.0190802614028189,0.0195942915830012,0.0129414176132939,0.0520889357461992,0.0505027320461077,0.0638926258746662,0,0.0350486041471738,0.0216255811429983,0.324472747016079,0.304606934952945,0.278537961332374,0.279657544517583,0.290295146857762,0.224644777130585,0.21034902014795,0.151436601244002,0.217306011263171,0.253552558713505,0.130569682610015,0.204174637561038,0.0899473157497125,0.0919932417805224,0.133566854608109,0.070769427736497,0.0860080116102218,0.127842951740141,0.100529735020665,0.0947490635117939,0.156571285355224,0.0930634029055622,0.0763876157850961,0.144508008805945,0.219451229503455,0.235614269149847,0.227344296654785,0.225470056231891,0.25702530568282,0.220208431244903,0.0644781813857344,0.10641210999801,0.0919957120030039,0.0604638321642007,0.112521412386818,0.121302767905507
"ML4W2",0.0925970254760049,0.101161191668712,0.100676925554977,0.105757221542218,0.145193713094703,0.138472436992861,0.0288451045670847,0.0213776292924202,0.0359344753175743,0.0636174190314116,0.0428419674060979,0.0395316438336508,0.0350486041471738,0,0.0236702761337562,0.294778580249646,0.27469268021224,0.25209652426141,0.253600278098492,0.266896151283988,0.201363219434674,0.18621431286716,0.128331465907379,0.188117505814208,0.226326051020116,0.102943684973431,0.181014823485546,0.0686201554286464,0.0779363984931659,0.114789510432577,0.0468416054181073,0.0640422862018394,0.100151397245399,0.069869189698609,0.075223061458061,0.128119665107234,0.0659322950715477,0.0501087623763237,0.117238027034785,0.193827418487329,0.208789080540468,0.200112436263701,0.198974435662076,0.231160679443837,0.192257009346091,0.0526855874689089,0.085797633153263,0.0672880921432742,0.0447102924910708,0.0879214337782321,0.0999431439306358
"ML4W3",0.103945164329882,0.112445430931158,0.111963299797709,0.117134105541909,0.149353203363054,0.142350072947362,0.0264630933581655,0.00863541110368896,0.0214450975707665,0.0588233398798637,0.0402074009869251,0.043912974484917,0.0216255811429983,0.0236702761337562,0,0.303291113057611,0.284334634341086,0.261080884318942,0.264759368208922,0.279613211513319,0.212423681747385,0.201084149570899,0.138767161968159,0.197752307865374,0.239891511044888,0.117789407363542,0.193958590966952,0.0789816629396335,0.0824704689599417,0.125661574355715,0.0587985463385957,0.0754742019822822,0.112504642660592,0.0834293967701179,0.0844289579711372,0.141968921090237,0.0771410912308739,0.0595769247376799,0.131419285384605,0.200726162110471,0.218384660659757,0.206631778960048,0.212220212545302,0.244380644662772,0.205057420093899,0.056557346198284,0.096689837608157,0.0780715737731031,0.0506481767231665,0.0985905941383369,0.111242909427274
"MLVR1",0.227468093258044,0.224052676576146,0.22335473165298,0.298982696437777,0.324577939523848,0.334419029324713,0.317933471812019,0.305722406534085,0.322281808478437,0.326141233175646,0.296291893434051,0.2593802173479,0.324472747016079,0.294778580249646,0.303291113057611,0,0.13231738885729,0.0797264928919507,0.154729350870373,0.151761532745956,0.16612256742626,0.148299856321956,0.204832427760825,0.150911121063595,0.151414090123197,0.213142047555683,0.176984270260403,0.262215842688903,0.265349136032901,0.245359828125553,0.259259127758856,0.244766500060578,0.213479830649871,0.230764490860129,0.249460149423945,0.193425374352377,0.23881958949274,0.252538790942315,0.210875837677856,0.144526949719811,0.16062190346691,0.147659437261675,0.176913331347938,0.15422742485523,0.177283159701992,0.278447749195645,0.262742539389889,0.239141450677232,0.275872162138151,0.22103009277902,0.220480727254479
"MLVR2",0.229883916039922,0.232351077421736,0.229335142539547,0.315724333555797,0.347558059503395,0.356820811847372,0.298018825684154,0.285625467206969,0.303467388214765,0.320245037404382,0.299165585877663,0.248490799693836,0.304606934952945,0.27469268021224,0.284334634341086,0.13231738885729,0,0.106432462588197,0.036367839783974,0.0296933982264975,0.105797066659582,0.208546412287374,0.226734342967075,0.174399645246102,0.0607860340326858,0.178470263210967,0.118379879146882,0.258389341331882,0.282803145935232,0.261546440560948,0.244608566637652,0.232790781524456,0.202873846947889,0.221268059311186,0.266868514766949,0.175440809763936,0.230278290685821,0.239915296173852,0.185947540228766,0.171038369865757,0.0883392525750477,0.177052985181189,0.118982292304681,0.0754229590084139,0.116320479559919,0.288639957329756,0.280301427914404,0.224978194150473,0.259148417536911,0.212084312605996,0.211578079485219
"MLVR3",0.208512422196075,0.210920613920059,0.207952209895077,0.248072754498021,0.27725984768745,0.287093506451022,0.271856263456806,0.259931697609505,0.276767096540275,0.289776298534473,0.262781333336371,0.22362731506621,0.278537961332374,0.25209652426141,0.261080884318942,0.0797264928919507,0.106432462588197,0,0.106308697998102,0.109799127018064,0.104691624324504,0.126468366433156,0.159242219448333,0.104353294645838,0.0917605190763956,0.155458919457156,0.118902029673369,0.223717470946997,0.215894916065658,0.194159562460665,0.223532752190035,0.208971079551052,0.182221384284902,0.200666105951217,0.208245478092869,0.162229925961127,0.2083400661373,0.220711321434864,0.174442824255116,0.104109448267236,0.10617360707805,0.109336230229158,0.127648123432699,0.10445355757962,0.128323685492131,0.236289977217701,0.222713586115276,0.201084426319966,0.234922105856409,0.188701454179545,0.187532236874987
"MLVW1",0.205649788581663,0.20795678824791,0.205046697437626,0.301639580099449,0.331780376942648,0.342503118470872,0.272330452343361,0.26353425435111,0.280416656967584,0.303885510981646,0.28393092764091,0.232716020269453,0.279657544517583,0.253600278098492,0.264759368208922,0.154729350870373,0.036367839783974,0.106308697998102,0,0.0233667824112238,0.0774100555836598,0.204692840119756,0.219303482828515,0.17290215825614,0.0468215430172331,0.153203136611201,0.0937400689085946,0.249385554974816,0.265900911152149,0.254536638680428,0.22271269901946,0.211367728949632,0.183109473948587,0.202195444442271,0.253334386225905,0.155804227981223,0.211237671937212,0.220726724558491,0.165010455892198,0.159246428348304,0.0758904538211047,0.170660107004989,0.0975209088799572,0.0572477914294231,0.0962590507530436,0.270839370446939,0.264032083699874,0.204992643529287,0.234783386376985,0.190366146100902,0.191630207589066
"MLVW2",0.223827472841308,0.226297977758057,0.223270867747117,0.320078470220625,0.353136725479857,0.361383736049327,0.281469413238131,0.274517872272156,0.293008949456193,0.322505658631493,0.303090473143418,0.251183461451229,0.290295146857762,0.266896151283988,0.279613211513319,0.151761532745956,0.0296933982264975,0.109799127018064,0.0233667824112238,0,0.0916180404174268,0.217162064915823,0.230522835203623,0.182241111237487,0.0531404424220403,0.166679532637633,0.101198351105967,0.261552031096671,0.284864469447775,0.264333485228841,0.235472360764727,0.219465678938279,0.192487417326485,0.213286902804545,0.269216700205253,0.163872703411232,0.220964336122676,0.233570751862025,0.172128083321715,0.172486495716564,0.0804766634408592,0.181407388800749,0.104200518025413,0.0600131543664982,0.103809062650475,0.288903284486335,0.282030751749555,0.213754859673625,0.2423402104924,0.201149882682365,0.199359740417436
"MLVW3",0.152243332228888,0.154381379350143,0.151597541938503,0.248365157286032,0.279561890739564,0.289176616882851,0.21642811140278,0.208410461916568,0.226146131906271,0.253660761528758,0.233223827173538,0.181881157731799,0.224644777130585,0.201363219434674,0.212423681747385,0.16612256742626,0.105797066659582,0.104691624324504,0.0774100555836598,0.0916180404174268,0,0.153498152604757,0.169545528468864,0.124027679524431,0.071279856376532,0.103217041996987,0.0438631116431235,0.200706343240887,0.214247909467826,0.204580268141796,0.171488910447102,0.153970598207031,0.127935140492298,0.149130901340805,0.195096967911017,0.0990247189678864,0.156722795023491,0.169411674312355,0.108405145053757,0.120370402721051,0.0683893812083702,0.131683800836017,0.0863803257794289,0.0786848385342847,0.082668139668068,0.220318570265502,0.212750484853465,0.148657631507435,0.176574624235407,0.136090271595384,0.138835309312129
"MVR1",0.138154916490755,0.137775229193945,0.13612213752756,0.17414059192131,0.202190007238732,0.213460771994822,0.199122269042206,0.201794521466093,0.210053080903301,0.196649064196541,0.170333945265254,0.174137275483599,0.21034902014795,0.18621431286716,0.201084149570899,0.148299856321956,0.208546412287374,0.126468366433156,0.204692840119756,0.217162064915823,0.153498152604757,0,0.0917196743773735,0.0782466977808936,0.170689444394539,0.138865141687123,0.142648784989999,0.14329590270968,0.153585387124309,0.124136477143036,0.175204972368665,0.169501074325554,0.158703395120406,0.169934558792265,0.150158767353348,0.149703740532351,0.176099944489632,0.182346841037528,0.166194824921687,0.123366006162226,0.16130012310074,0.111154765892926,0.1741622923356,0.189441855561796,0.172528458261902,0.169241407745581,0.148226425848984,0.177018306326086,0.190615504196877,0.156283553789164,0.148869411612661
"MVR2",0.0881490670894416,0.0913724740699158,0.088633334130137,0.106516109951448,0.132837808788969,0.142714090859207,0.143827117309062,0.14031339798754,0.152179456079803,0.149404060659136,0.122401170261342,0.111532918910929,0.151436601244002,0.128331465907379,0.138767161968159,0.204832427760825,0.226734342967075,0.159242219448333,0.219303482828515,0.230522835203623,0.169545528468864,0.0917196743773735,0,0.0705889948158847,0.188026263359765,0.0789752451427791,0.150466059796461,0.0923722555739097,0.0814614296713062,0.061106089256509,0.111867887702668,0.106826446444903,0.103332155710632,0.107209466411031,0.0855814186371325,0.112170540265356,0.113102353669062,0.118762421080662,0.121516762281094,0.0940110564102633,0.167250368261707,0.0905004553943661,0.173466794086872,0.199630068812242,0.167520903863284,0.106395408370638,0.0824852787132105,0.113312139979602,0.126761168708776,0.0941479382382013,0.0886784493761549
"MVR3",0.137076338019679,0.138549120035505,0.136784516301326,0.16217425782997,0.187266219529961,0.199455738695632,0.210202838999008,0.199532402233193,0.217671596353531,0.216490932875707,0.190318867292056,0.161418710378154,0.217306011263171,0.188117505814208,0.197752307865374,0.150911121063595,0.174399645246102,0.104353294645838,0.17290215825614,0.182241111237487,0.124027679524431,0.0782466977808936,0.0705889948158847,0,0.137345967477183,0.120985296701802,0.1076942741004,0.155761709765785,0.141674711312111,0.121053548556483,0.160162244830919,0.152546579163637,0.138632003929329,0.148488465263279,0.148643289217386,0.127005454338169,0.157055274463362,0.161859171413357,0.143479670565491,0.0632899059713426,0.122768552827224,0.0455225676816948,0.138253619312331,0.153013066476218,0.136797395484126,0.167573251605379,0.144926920327139,0.154939364490086,0.173555595980359,0.137988580637003,0.136181534916067
"MVW1",0.183279652873215,0.185666588191052,0.182695027955943,0.279537235398397,0.311038880874791,0.321214899568787,0.246251742226999,0.23724807008616,0.255094694855257,0.280560045096188,0.260602891646213,0.209260245693329,0.253552558713505,0.226326051020116,0.239891511044888,0.151414090123197,0.0607860340326858,0.0917605190763956,0.0468215430172331,0.0531404424220403,0.071279856376532,0.170689444394539,0.188026263359765,0.137345967477183,0,0.125250161631324,0.0700603272199959,0.219727274918297,0.244120498885148,0.220064386621307,0.197188277630036,0.18613737063614,0.157351543111178,0.176549103649059,0.235085319451244,0.129901833889066,0.185599942263198,0.195198904442675,0.139222571032839,0.138526472259283,0.0508181947611594,0.14290090785864,0.0793329602579819,0.0514144104754183,0.0770988725623348,0.249945808684273,0.242912545696951,0.180562546493178,0.210344548806715,0.164612510411776,0.164713971009772
"MVW2",0.0620012455662905,0.0680831724431258,0.062292304028805,0.156453134799008,0.188810210861721,0.198178661522672,0.123134199657802,0.114086978499707,0.132332725877238,0.160315676216775,0.140345514169913,0.0889972165869472,0.130569682610015,0.102943684973431,0.117789407363542,0.213142047555683,0.178470263210967,0.155458919457156,0.153203136611201,0.166679532637633,0.103217041996987,0.138865141687123,0.0789752451427791,0.120985296701802,0.125250161631324,0,0.0793027748169769,0.106781263277806,0.123573517966224,0.107349226618617,0.0747060826079354,0.0621840731221,0.0523079006999392,0.0554309698480146,0.112058843283687,0.0516352993627624,0.064069500742084,0.0729457875133857,0.0566077743416192,0.118414806368385,0.111797434986197,0.12544919632582,0.104168427191922,0.132107542729187,0.0995874003164881,0.129962470013557,0.121931710988211,0.0588234762509552,0.0867696928316468,0.0430723312388324,0.0423200493638733
"MVW3",0.129741681714408,0.132042899818922,0.129115737556567,0.23268800145113,0.265507666447321,0.274136248018964,0.196176676494739,0.188144384142817,0.206507582682357,0.237659838431141,0.21700007284944,0.166119346494315,0.204174637561038,0.181014823485546,0.193958590966952,0.176984270260403,0.118379879146882,0.118902029673369,0.0937400689085946,0.101198351105967,0.0438631116431235,0.142648784989999,0.150466059796461,0.1076942741004,0.0700603272199959,0.0793027748169769,0,0.182653030887717,0.19778531661956,0.185020415188825,0.143581473285862,0.126074276939269,0.100016267721255,0.121138510587053,0.17824507245607,0.0709063556135807,0.128740856852661,0.141696513232624,0.0796216268412722,0.0915678132284585,0.0407908564781223,0.10434697674293,0.0471151324359615,0.0626040598557236,0.045692156431169,0.202911084438485,0.193460284283029,0.121745870181663,0.148120406378182,0.10814683157078,0.107222024812038
"P4R1",0.0898615262024795,0.0949830169077536,0.0936462760852372,0.0788324504134285,0.111967479005282,0.111553150063654,0.0734343637887073,0.0785318778009966,0.0897604561830586,0.0730025609772298,0.0589651740880838,0.0616009174103574,0.0899473157497125,0.0686201554286464,0.0789816629396335,0.262215842688903,0.258389341331882,0.223717470946997,0.249385554974816,0.261552031096671,0.200706343240887,0.14329590270968,0.0923722555739097,0.155761709765785,0.219727274918297,0.106781263277806,0.182653030887717,0,0.0521269364008652,0.0535505440555598,0.0669231261093898,0.077689285896011,0.110619869408795,0.0889382253844029,0.0450639861949911,0.136745586620196,0.087643308469321,0.0744930571181548,0.136179125081296,0.173189883866399,0.200259428916991,0.170956712393732,0.205770610291791,0.231701595197146,0.199799435740254,0.0508179239393528,0.0513973352547864,0.0869086093813184,0.0667112075759304,0.0941914315144579,0.0932422572322579
"P4R2",0.100706022018972,0.106425441148422,0.106672358771809,0.0665888476538035,0.0843588063723363,0.0882036830221917,0.0794070304086157,0.0808881581880888,0.0935220447927584,0.0980918456872165,0.0756747057966894,0.0673951263178749,0.0919932417805224,0.0779363984931659,0.0824704689599417,0.265349136032901,0.282803145935232,0.215894916065658,0.265900911152149,0.284864469447775,0.214247909467826,0.153585387124309,0.0814614296713062,0.141674711312111,0.244120498885148,0.123573517966224,0.19778531661956,0.0521269364008652,0,0.0535507490347463,0.0713154162276932,0.0837284868475653,0.117920285517702,0.0921632601121724,0.0444672384261379,0.148564080673372,0.0912762919802963,0.0767685105831995,0.13587782315968,0.153067738852398,0.21988349107674,0.154332263237021,0.217275336048621,0.2496894456947,0.211756555158933,0.0320662866166015,0.0333736407234624,0.084024662761784,0.0666793271521788,0.102643158247884,0.109424761393157
"P4R3",0.0994528907915581,0.104616666769402,0.103269636598167,0.0717206751668106,0.0975462400934412,0.107187603984478,0.117418233030766,0.124381204073806,0.135955035476321,0.113173675011955,0.100429615399853,0.102083030116785,0.133566854608109,0.114789510432577,0.125661574355715,0.245359828125553,0.261546440560948,0.194159562460665,0.254536638680428,0.264333485228841,0.204580268141796,0.124136477143036,0.061106089256509,0.121053548556483,0.220064386621307,0.107349226618617,0.185020415188825,0.0535505440555598,0.0535507490347463,0,0.0977963019370157,0.102454821708597,0.125916097130805,0.112726917030538,0.0586021202241823,0.142596935520247,0.115845928000091,0.107118573921622,0.148506569212477,0.142971796636788,0.2043144037365,0.139096750012432,0.209911894362354,0.235965759118801,0.205516023042567,0.0750563877138797,0.0478952779598254,0.109995324241735,0.11077953670317,0.108529755117289,0.106136905223562
"P4W1",0.0498445830370277,0.0593795972762211,0.0577738506287603,0.100228094617236,0.142604534811592,0.143284713115383,0.0619726525994745,0.0540707972413074,0.0716350452720964,0.100799448844605,0.0799798432521784,0.0378423124084231,0.070769427736497,0.0468416054181073,0.0587985463385957,0.259259127758856,0.244608566637652,0.223532752190035,0.22271269901946,0.235472360764727,0.171488910447102,0.175204972368665,0.111867887702668,0.160162244830919,0.197188277630036,0.0747060826079354,0.143581473285862,0.0669231261093898,0.0713154162276932,0.0977963019370157,0,0.0214125226695374,0.0604798349463783,0.0311864949332435,0.0634000971598327,0.0898217609011161,0.0265400544565439,0.0176343158531178,0.0810049639462494,0.156784000699919,0.170550683528227,0.159573906313886,0.159598340522209,0.192360536134327,0.154834220035302,0.066903307257758,0.0750519760964255,0.0312773413286116,0.0208688755619983,0.044255850929561,0.0549062679521427
"P4W2",0.045693323248187,0.0528490176093969,0.0479504749353825,0.115029943880529,0.154906971622496,0.156629477540169,0.077406975429303,0.0679209910393025,0.0867714659649061,0.118174284336164,0.0976354273331535,0.0559637006069638,0.0860080116102218,0.0640422862018394,0.0754742019822822,0.244766500060578,0.232790781524456,0.208971079551052,0.211367728949632,0.219465678938279,0.153970598207031,0.169501074325554,0.106826446444903,0.152546579163637,0.18613737063614,0.0621840731221,0.126074276939269,0.077689285896011,0.0837284868475653,0.102454821708597,0.0214125226695374,0,0.0435766742462602,0.0198198037777116,0.069268343334904,0.0726372503298372,0.0165005088200636,0.022267417353564,0.0659790243807145,0.138729844433877,0.152759671434811,0.146992410880443,0.140802080448382,0.172660678762368,0.135174168682341,0.0843145116828038,0.0896423131333917,0.0196601106400555,0.0321157191702387,0.0289440967713087,0.039008089302082
"P4W3",0.0645465482430212,0.069820957793777,0.0643191815763104,0.154067388984753,0.186746619069765,0.193443990292235,0.119120722361294,0.108710807894875,0.127460463327006,0.156368751055291,0.135498681863583,0.0916781762699764,0.127842951740141,0.100151397245399,0.112504642660592,0.213479830649871,0.202873846947889,0.182221384284902,0.183109473948587,0.192487417326485,0.127935140492298,0.158703395120406,0.103332155710632,0.138632003929329,0.157351543111178,0.0523079006999392,0.100016267721255,0.110619869408795,0.117920285517702,0.125916097130805,0.0604798349463783,0.0435766742462602,0,0.0315169322518517,0.101587736504231,0.030836073580092,0.0363804149385748,0.0556232216334051,0.0272847353267943,0.0998904786365709,0.124422571445969,0.125593495330699,0.101474783014307,0.134752564415754,0.0949129825227947,0.124376266072237,0.12016659837413,0.0463146643356279,0.0730090083851782,0.0214256128684454,0.0231617035217822
"PL4R1",0.0530120941203661,0.0594544348362635,0.0546609328689866,0.128554379673885,0.162100510559672,0.164345143893976,0.0918290342418087,0.0815443013984128,0.100354780262784,0.129521246509924,0.10809463665812,0.0611710258342064,0.100529735020665,0.069869189698609,0.0834293967701179,0.230764490860129,0.221268059311186,0.200666105951217,0.202195444442271,0.213286902804545,0.149130901340805,0.169934558792265,0.107209466411031,0.148488465263279,0.176549103649059,0.0554309698480146,0.121138510587053,0.0889382253844029,0.0921632601121724,0.112726917030538,0.0311864949332435,0.0198198037777116,0.0315169322518517,0,0.0821382270323008,0.0593515444098805,0.00979302392121622,0.0255774778502812,0.0520106440688424,0.128004807084567,0.144895027441995,0.137465396876668,0.130324666633829,0.163467482459562,0.124147512956784,0.0957355944367237,0.0955406182486069,0.0178849490938358,0.0451929496427821,0.0196310658274165,0.0328763850829351
"PL4R2",0.0835391217413308,0.0886687498255998,0.0867859758753952,0.07214290018284,0.102880922154343,0.106315129559825,0.0805828095649111,0.0826601836017107,0.0942556074154804,0.0923551533207014,0.0722123872692757,0.0619721539987295,0.0947490635117939,0.075223061458061,0.0844289579711372,0.249460149423945,0.266868514766949,0.208245478092869,0.253334386225905,0.269216700205253,0.195096967911017,0.150158767353348,0.0855814186371325,0.148643289217386,0.235085319451244,0.112058843283687,0.17824507245607,0.0450639861949911,0.0444672384261379,0.0586021202241823,0.0634000971598327,0.069268343334904,0.101587736504231,0.0821382270323008,0,0.126842677722059,0.079122080100629,0.068362450168573,0.12466787824488,0.145621938460451,0.199419129421922,0.153162932657349,0.197485809167107,0.230203657969525,0.190408376503905,0.0478132116141591,0.0480137772327809,0.0786353034718295,0.0707696369002846,0.0883242948799085,0.0909490516148289
"PL4R3",0.078501092510147,0.0834749403949927,0.0771001297768684,0.18242093374511,0.214874371204568,0.223360362697896,0.148021649021082,0.137765962238191,0.156695833330323,0.1861327219508,0.165216303501889,0.114070391530548,0.156571285355224,0.128119665107234,0.141968921090237,0.193425374352377,0.175440809763936,0.162229925961127,0.155804227981223,0.163872703411232,0.0990247189678864,0.149703740532351,0.112170540265356,0.127005454338169,0.129901833889066,0.0516352993627624,0.0709063556135807,0.136745586620196,0.148564080673372,0.142596935520247,0.0898217609011161,0.0726372503298372,0.030836073580092,0.0593515444098805,0.126842677722059,0,0.0651094589340419,0.0844900615617946,0.020195673215982,0.0870660509222096,0.0949938117672655,0.114611106363858,0.0721595357994756,0.1060445845642,0.0662358716963437,0.154596782477908,0.141049969522797,0.0678321281976142,0.101571842844609,0.0469107756567438,0.0466716001061558
"PL4W1",0.0560185301729738,0.0624454150114871,0.0576651735872706,0.124238252843001,0.160555976049825,0.161095852280109,0.0843422181555044,0.0740954594082432,0.0929227027560901,0.12512182010477,0.103506947881266,0.0569793792907201,0.0930634029055622,0.0659322950715477,0.0771410912308739,0.23881958949274,0.230278290685821,0.2083400661373,0.211237671937212,0.220964336122676,0.156722795023491,0.176099944489632,0.113102353669062,0.157055274463362,0.185599942263198,0.064069500742084,0.128740856852661,0.087643308469321,0.0912762919802963,0.115845928000091,0.0265400544565439,0.0165005088200636,0.0363804149385748,0.00979302392121622,0.079122080100629,0.0651094589340419,0,0.0209031267269141,0.0566712525284478,0.132276350422227,0.152232261400938,0.143872304461422,0.136617095474847,0.169915570500597,0.130258264254887,0.0898028658665923,0.096233649706037,0.0189996317828909,0.0378544763973407,0.0237658307460539,0.0364989885862322
"PL4W2",0.0545981834190253,0.0640986270974551,0.0623730334644946,0.113324778249811,0.145727864299083,0.144042813389366,0.0681681060126701,0.0576820584967761,0.0763227660017732,0.110708296792678,0.0892510156963228,0.0387401331119569,0.0763876157850961,0.0501087623763237,0.0595769247376799,0.252538790942315,0.239915296173852,0.220711321434864,0.220726724558491,0.233570751862025,0.169411674312355,0.182346841037528,0.118762421080662,0.161859171413357,0.195198904442675,0.0729457875133857,0.141696513232624,0.0744930571181548,0.0767685105831995,0.107118573921622,0.0176343158531178,0.022267417353564,0.0556232216334051,0.0255774778502812,0.068362450168573,0.0844900615617946,0.0209031267269141,0,0.073911785092153,0.150901558983463,0.165909827039237,0.155725136162583,0.155541083230661,0.188073369948561,0.148748615553924,0.0703853863538548,0.0880697174258669,0.023406198162914,0.0241690012594328,0.0429916129292791,0.0553674895819139
"PL4W3",0.0828435451277034,0.0884433008233635,0.0837491401690869,0.179268510104449,0.203747890796437,0.212392669722943,0.135327187761611,0.125783011721262,0.144710916274164,0.180362935886026,0.158997263403043,0.103731646464689,0.144508008805945,0.117238027034785,0.131419285384605,0.210875837677856,0.185947540228766,0.174442824255116,0.165010455892198,0.172128083321715,0.108405145053757,0.166194824921687,0.121516762281094,0.143479670565491,0.139222571032839,0.0566077743416192,0.0796216268412722,0.136179125081296,0.13587782315968,0.148506569212477,0.0810049639462494,0.0659790243807145,0.0272847353267943,0.0520106440688424,0.12466787824488,0.020195673215982,0.0566712525284478,0.073911785092153,0,0.104535611726745,0.104519700909547,0.131838183394173,0.0822468531891712,0.114545007807019,0.076989894855586,0.142318688199975,0.138501700766411,0.0564519816167828,0.0889443312648661,0.0454752729786632,0.0457777133206092
"PLVR1",0.138974443756193,0.139762689774498,0.136230979992821,0.17616997334379,0.20348290010868,0.212137142407854,0.212441574654576,0.200744353919184,0.218951054414375,0.230088235612003,0.204336466652103,0.169600584818327,0.219451229503455,0.193827418487329,0.200726162110471,0.144526949719811,0.171038369865757,0.104109448267236,0.159246428348304,0.172486495716564,0.120370402721051,0.123366006162226,0.0940110564102633,0.0632899059713426,0.138526472259283,0.118414806368385,0.0915678132284585,0.173189883866399,0.153067738852398,0.142971796636788,0.156784000699919,0.138729844433877,0.0998904786365709,0.128004807084567,0.145621938460451,0.0870660509222096,0.132276350422227,0.150901558983463,0.104535611726745,0,0.0967442034664713,0.038693562901895,0.0867639770119904,0.116773536237682,0.0813889588799444,0.175918613735801,0.157471125755612,0.139835529973317,0.1692667977354,0.114314503658822,0.110441337411423
"PLVR2",0.158031824512318,0.160373518669193,0.15742877551849,0.255684171406153,0.28726943789659,0.295514579681933,0.226877992716205,0.217304235156682,0.235892624913897,0.258115402959432,0.236589612033397,0.186317777886545,0.235614269149847,0.208789080540468,0.218384660659757,0.16062190346691,0.0883392525750477,0.10617360707805,0.0758904538211047,0.0804766634408592,0.0683893812083702,0.16130012310074,0.167250368261707,0.122768552827224,0.0508181947611594,0.111797434986197,0.0407908564781223,0.200259428916991,0.21988349107674,0.2043144037365,0.170550683528227,0.152759671434811,0.124422571445969,0.144895027441995,0.199419129421922,0.0949938117672655,0.152232261400938,0.165909827039237,0.104519700909547,0.0967442034664713,0,0.10441351375614,0.0395965805920434,0.0403890447416196,0.0383943925506129,0.226164951489979,0.212869589087938,0.145237450781494,0.181108853397544,0.132838832490883,0.129527248314883
"PLVR3",0.14399286138619,0.144909954697254,0.141954838236823,0.166715232157851,0.190534159733819,0.201595665913658,0.219530125335636,0.209101226277324,0.227185747521642,0.232886742332567,0.206238744786272,0.175382525674903,0.227344296654785,0.200112436263701,0.206631778960048,0.147659437261675,0.177052985181189,0.109336230229158,0.170660107004989,0.181407388800749,0.131683800836017,0.111154765892926,0.0905004553943661,0.0455225676816948,0.14290090785864,0.12544919632582,0.10434697674293,0.170956712393732,0.154332263237021,0.139096750012432,0.159573906313886,0.146992410880443,0.125593495330699,0.137465396876668,0.153162932657349,0.114611106363858,0.143872304461422,0.155725136162583,0.131838183394173,0.038693562901895,0.10441351375614,0,0.114629928620233,0.136138673701274,0.11375713412949,0.179058815209725,0.156589796863367,0.148207316832931,0.175518422068847,0.124047257413183,0.121585617951066
"PLVW1",0.14659960163094,0.147390911290464,0.143894307282093,0.253203129666046,0.285966210957364,0.294190240644633,0.216864621870966,0.207463564037391,0.225983994985267,0.256364036267995,0.235595709261949,0.184069217752354,0.225470056231891,0.198974435662076,0.212220212545302,0.176913331347938,0.118982292304681,0.127648123432699,0.0975209088799572,0.104200518025413,0.0863803257794289,0.1741622923356,0.173466794086872,0.138253619312331,0.0793329602579819,0.104168427191922,0.0471151324359615,0.205770610291791,0.217275336048621,0.209911894362354,0.159598340522209,0.140802080448382,0.101474783014307,0.130324666633829,0.197485809167107,0.0721595357994756,0.136617095474847,0.155541083230661,0.0822468531891712,0.0867639770119904,0.0395965805920434,0.114629928620233,0,0.0453502086599013,0.0116741679778162,0.223446380724865,0.210872604435084,0.137037845769268,0.167737362708245,0.116416249830334,0.11475809035096
